01.jpg
185,180,66
384,285,98
609,204,111
171,369,84
343,478,58
602,504,104
169,608,81
421,638,62

02.jpg
64,66,65
185,55,43
310,62,59
56,186,54
186,184,76
313,187,53
51,306,49
142,310,39
225,309,44
320,302,50

03.jpg
175,187,55
339,196,91
523,196,64
663,196,48

04.jpg
98,92,68
332,150,128
594,115,98
162,386,132
440,404,108
660,326,87
310,571,78
653,560,112
132,654,98
461,693,86

05.jpg
226,350,167
476,352,171

06.jpeg
216,102,95
415,102,95
315,212,40
214,326,91
412,326,91

07.jpg
363,235,120
646,237,124
363,496,92
638,496,92

08.jpg
316,121,79
138,249,84
447,278,84

09.jpg
224,280,176
533,266,202
830,280,176

10.jpg
394,201,112
410,546,181

11.jpg
153,170,111
644,208,107
370,302,104
608,486,140
215,590,189

12.jpg
390,275,213

13.jpg
108,111,74

14.jpg
93,88,48
241,88,50
376,88,43
513,88,54
95,226,47
241,226,50
378,228,41
512,233,56

15.jpg
105,108,51
301,113,52
523,117,53
101,278,52
309,280,52
509,273,67

16.jpeg
155,130,30
531,120,69
771,152,82
311,277,65
623,368,74
379,588,32

17.jpg
237,248,181
571,249,183
272,600,147
551,594,143

18.jpg
430,366,77
909,327,78
440,636,93
913,645,91
456,949,65
927,961,84
427,1247,92
920,1213,104

19.jpg
145,219,137
455,213,137

20.jpg
171,182,152
514,182,152
855,182,152
174,514,151
520,514,156
859,514,148
178,849,162
515,849,136
844,849,164

21.jpg
479,277,243

22.jpg
196,125,96
417,154,64
315,322,89

23.jpg
236,103,58
330,102,57
497,91,64
613,91,68
202,263,67
323,265,67
509,254,73
631,258,77
186,447,88
304,448,88
520,450,87
645,449,87
144,658,101
293,659,101
531,659,100
674,654,100

24.png
48,41,36
148,41,36
250,41,36
348,41,36
444,41,36
48,126,36
148,126,36
250,126,36
348,126,36
444,126,36
48,217,36
148,217,36
250,217,36
348,217,36
444,217,36
48,301,36
148,301,36
250,301,36
348,301,36
444,301,36

25.jpg
114,159,99
296,92,86
451,139,75
268,250,62
389,255,60

26.jpg
169,97,21
264,96,29
363,96,18
459,98,27
170,197,21
264,193,30
363,196,27
459,195,29

27.jpg
231,124,156
1192,45,149
137,553,197
570,519,133
1026,622,160
1349,405,188

28.jpg
416,370,324
970,720,389
1512,400,339

29.jpg
532,275,114
753,275,114
974,275,114
528,495,114
753,495,114
970,495,114
525,715,114
748,715,114
973,715,114

30.jpg
575,364,235
